FluorPen ASCII Export File
-----------------------------------
File Name: Untitled - 1
-----------------------------------

index	1	
time	13:24:25  18.12.2023	
id	OJIP	
11	325	
21	34396	
31	34786	
41	34949	
51	35274	
61	35534	
71	35794	
81	36087	
91	36347	
101	36639	
111	36932	
121	37257	
131	37517	
141	37810	
151	38037	
161	38428	
171	38655	
181	38948	
191	39208	
201	39598	
211	39825	
221	40086	
231	40346	
241	40606	
251	40866	
261	41028	
271	41321	
281	41516	
291	41809	
301	41971	
311	42264	
321	42459	
331	42686	
341	42816	
351	42947	
361	43207	
371	43402	
381	43532	
391	43662	
401	43857	
411	44019	
421	44214	
431	44377	
441	44475	
451	44540	
461	44670	
471	44800	
481	44995	
491	45092	
501	45190	
511	45287	
521	45352	
531	45482	
541	45580	
551	45677	
561	45808	
571	45873	
581	45938	
591	46003	
601	46068	
611	46198	
1021	48213	
1121	48376	
1221	48408	
1321	48571	
1421	48636	
1521	48571	
1621	48668	
1721	48603	
1821	48636	
1921	48668	
2021	48636	
2121	48571	
2221	48603	
2321	48571	
2421	48538	
2521	48603	
2621	48538	
2721	48571	
2821	48571	
2921	48538	
3021	48571	
3121	48441	
3221	48473	
3321	48473	
3421	48506	
3521	48408	
3621	48473	
3721	48441	
3821	48408	
3921	48376	
4021	48376	
4121	48408	
4221	48408	
4321	48473	
4421	48473	
4521	48441	
4621	48473	
4721	48506	
4821	48473	
4921	48408	
5021	48441	
5121	48538	
5221	48473	
5321	48441	
5421	48538	
5521	48473	
5621	48441	
5721	48571	
5821	48506	
5921	48571	
6021	48506	
6121	48506	
6221	48538	
6321	48538	
6421	48571	
6521	48571	
6621	48538	
6721	48603	
6821	48571	
6921	48571	
7021	48538	
7121	48603	
7221	48668	
7321	48603	
7421	48701	
7521	48668	
7621	48701	
7721	48668	
7821	48668	
7921	48668	
8021	48733	
8121	48701	
8221	48701	
8321	48668	
8421	48766	
8521	48733	
8621	48733	
8721	48701	
8821	48733	
8921	48766	
9021	48733	
9121	48701	
9221	48733	
9321	48766	
9421	48799	
9521	48766	
9621	48733	
9721	48733	
9821	48799	
9921	48766	
10021	48864	
10121	48701	
10221	48766	
10321	48766	
10421	48831	
10521	48799	
10621	48766	
10721	48733	
10821	48799	
10921	48733	
11021	48799	
11121	48799	
11221	48864	
11321	48864	
11421	48799	
11521	48831	
11621	48831	
11721	48701	
11821	48831	
11921	48864	
12021	48831	
12121	48733	
12221	48831	
12321	48799	
12421	48733	
12521	48831	
12621	48733	
12721	48733	
12821	48799	
12921	48896	
13021	48864	
13121	48733	
13221	48864	
13321	48799	
13421	48799	
13521	48896	
13621	48799	
13721	48799	
13821	48864	
13921	48799	
15321	48766	
16321	48864	
17321	48799	
18321	48929	
19321	48896	
20321	48864	
21321	48896	
22321	48864	
23321	48961	
24321	48896	
25321	48896	
26321	48961	
27321	48864	
28321	49026	
29321	48929	
30321	48961	
31321	48864	
32321	48961	
33321	48896	
34321	48864	
35321	48929	
36321	48994	
37321	48929	
38321	48994	
39321	48896	
40321	48961	
41321	48929	
42321	48929	
43321	48929	
44321	48929	
45321	48961	
46321	48994	
47321	48961	
48321	48994	
49321	48929	
50321	48961	
51321	48961	
52321	48961	
53321	49026	
54321	48994	
55321	49091	
56321	49026	
57321	49091	
58321	49059	
59321	49059	
60321	49156	
61321	49091	
62321	49091	
63321	49189	
64321	49156	
65321	49156	
66321	49189	
67321	49189	
68321	49286	
69321	49286	
70321	49319	
71321	49351	
72321	49286	
73321	49416	
74321	49416	
75321	49546	
76321	49514	
77321	49514	
78321	49546	
79321	49579	
80321	49676	
81321	49741	
82321	49806	
83321	49774	
84321	49871	
85321	49936	
86321	50001	
87321	50099	
88321	50066	
89321	50131	
90321	50229	
101621	50944	
111621	51562	
121621	52017	
131621	52440	
141621	52765	
151621	52960	
161621	53025	
171621	53155	
181621	53253	
191621	53318	
201621	53415	
211621	53350	
221621	53383	
231621	53318	
241621	53285	
251621	53285	
261621	53253	
271621	53285	
281621	53155	
291621	53220	
301621	53155	
311621	53025	
321621	52927	
331621	52992	
341621	52862	
351621	52862	
361621	52797	
371621	52830	
381621	52830	
391621	52895	
401621	52830	
411621	52862	
421621	52765	
431621	52700	
441621	52797	
451621	52830	
461621	52797	
471621	52797	
481621	52830	
491621	52830	
501621	52862	
511621	52830	
521621	52895	
531621	52960	
541621	52895	
551621	52830	
561621	52797	
571621	52830	
581621	52862	
591621	52895	
601621	52797	
611621	52895	
621621	52830	
631621	52862	
641621	52927	
651621	52895	
661621	52797	
671621	52927	
681621	52830	
691621	52895	
701621	52895	
711621	52862	
721621	52830	
731621	52830	
741621	52830	
751621	52830	
761621	52830	
771621	52862	
781621	52830	
791621	52862	
801621	52895	
811621	52895	
821621	52862	
831621	52797	
841621	52895	
851621	52830	
861621	52830	
871621	52830	
881621	52797	
891621	52797	
901621	52830	
911621	52797	
921621	52830	
931621	52895	
941621	52862	
951621	52830	
961621	52830	
971621	52927	
981621	52830	
991621	52830	
1001621	52830	
1011621	52797	
1021621	52830	
1031621	52862	
1041621	52797	
1051621	52862	
1061621	52797	
1071621	52862	
1081621	52830	
1091621	52732	
1101621	52830	
1111621	52797	
1121621	52765	
1131621	52797	
1141621	52830	
1151621	52797	
1161621	52765	
1171621	52797	
1181621	52862	
1191621	52732	
1201621	52797	
1211621	52797	
1221621	52765	
1231621	52765	
1241621	52765	
1251621	52797	
1261621	52797	
1271621	52830	
1281621	52732	
1291621	52667	
1301621	52797	
1311621	52765	
1321621	52732	
1331621	52732	
1341621	52732	
1351621	52797	
1361621	52765	
1371621	52765	
1381621	52700	
1391621	52667	
1401621	52700	
1411621	52700	
1421621	52667	
1431621	52765	
1441621	52732	
1451621	52700	
1461621	52765	
1471621	52700	
1481621	52700	
1491621	52667	
1501621	52765	
1511621	52700	
1521621	52667	
1531621	52732	
1541621	52667	
1551621	52667	
1561621	52667	
1571621	52700	
1581621	52667	
1591621	52667	
1601621	52700	
1611621	52667	
1621621	52700	
1631621	52635	
1641621	52635	
1651621	52667	
1661621	52700	
1671621	52635	
1681621	52635	
1691621	52667	
1701621	52602	
1711621	52667	
1721621	52602	
1731621	52635	
1741621	52570	
1751621	52635	
1761621	52635	
1771621	52635	
1781621	52667	
1791621	52667	
1801621	52602	
1811621	52570	
1821621	52570	
1831621	52602	
1841621	52635	
1851621	52700	
1861621	52667	
1871621	52602	
1881621	52602	
1891621	52570	
1901621	52602	
1911621	52635	
1921621	52667	
1931621	52635	
1941621	52700	
1951621	52667	
1961621	52570	
1971621	52635	
1981621	52602	
1991621	52635	
2001621	52570	
Bckg	325	
Fo	34624	
Fj	48311	
Fi	48636	
Fm	53090	
Fv	18466	
Vj	0.741	
Vi	0.759	
Fm/Fo	1.533	
Fv/Fo	0.533	
Fv/Fm	0.348	
Mo	1.521	
Area	10200426	
Fix Area	52266260	
HACH Area	17643644	
Sm	552.390	
Ss	0.487	
N	1133.595	
Phi_Po	0.348	
Psi_o	0.259	
Phi_Eo	0.090	
Phi_Do	0.652	
Phi_Pav	952.949	
Pi_Abs	0.032	
ABS/RC	5.900	
TRo/RC	2.052	
ETo/RC	0.531	
DIo/RC	3.848	
FLASH-Wavelength [nm]	620.00	
FLASH-Percent [%]	30.00	
FLASH-Intensity [uE]	-NAN	
SUPER-Wavelength [nm]	620.00	
SUPER-Percent [%]	50.00	
SUPER-Intensity [uE]	-NAN	
ACTINIC-Wavelength [nm]	620.00	
ACTINIC-Percent [%]	10.00	
ACTINIC-Intensity [uE]	100.00	
description		
