FluorPen ASCII Export File
-----------------------------------
File Name: Untitled - 1
-----------------------------------

index	1	
time	14:04:59  18.12.2023	
id	OJIP	
11	325	
21	17068	
31	17165	
41	17360	
51	17523	
61	17685	
71	17816	
81	17946	
91	18141	
101	18303	
111	18401	
121	18563	
131	18726	
141	18888	
151	18953	
161	19083	
171	19279	
181	19409	
191	19474	
201	19636	
211	19831	
221	19961	
231	20026	
241	20156	
251	20286	
261	20319	
271	20449	
281	20579	
291	20676	
301	20709	
311	20839	
321	20937	
331	21002	
341	21034	
351	21197	
361	21197	
371	21327	
381	21392	
391	21327	
401	21489	
411	21587	
421	21554	
431	21684	
441	21652	
451	21749	
461	21749	
471	21847	
481	21847	
491	21977	
501	21944	
511	21977	
521	22009	
531	22107	
541	22107	
551	22107	
561	22205	
571	22270	
581	22237	
591	22302	
601	22270	
611	22302	
1021	22887	
1121	22952	
1221	22985	
1321	23017	
1421	23017	
1521	23017	
1621	23050	
1721	23050	
1821	23017	
1921	23017	
2021	23017	
2121	23050	
2221	23017	
2321	23017	
2421	22985	
2521	22985	
2621	23017	
2721	22920	
2821	22920	
2921	22952	
3021	22952	
3121	22952	
3221	22920	
3321	22887	
3421	22887	
3521	22822	
3621	22855	
3721	22920	
3821	22887	
3921	22855	
4021	22757	
4121	22822	
4221	22855	
4321	22790	
4421	22757	
4521	22790	
4621	22822	
4721	22757	
4821	22790	
4921	22822	
5021	22757	
5121	22822	
5221	22692	
5321	22757	
5421	22725	
5521	22725	
5621	22757	
5721	22790	
5821	22725	
5921	22757	
6021	22725	
6121	22692	
6221	22692	
6321	22692	
6421	22692	
6521	22692	
6621	22660	
6721	22660	
6821	22692	
6921	22725	
7021	22692	
7121	22692	
7221	22692	
7321	22627	
7421	22627	
7521	22595	
7621	22627	
7721	22660	
7821	22660	
7921	22660	
8021	22595	
8121	22660	
8221	22595	
8321	22562	
8421	22627	
8521	22627	
8621	22660	
8721	22627	
8821	22660	
8921	22562	
9021	22595	
9121	22595	
9221	22660	
9321	22595	
9421	22627	
9521	22562	
9621	22595	
9721	22562	
9821	22562	
9921	22627	
10021	22562	
10121	22562	
10221	22595	
10321	22595	
10421	22562	
10521	22627	
10621	22562	
10721	22497	
10821	22562	
10921	22562	
11021	22465	
11121	22562	
11221	22497	
11321	22562	
11421	22562	
11521	22595	
11621	22497	
11721	22530	
11821	22530	
11921	22497	
12021	22465	
12121	22497	
12221	22530	
12321	22530	
12421	22530	
12521	22497	
12621	22497	
12721	22465	
12821	22530	
12921	22432	
13021	22432	
13121	22497	
13221	22497	
13321	22432	
13421	22497	
13521	22465	
13621	22497	
13721	22465	
13821	22465	
13921	22465	
15321	22432	
16321	22302	
17321	22367	
18321	22400	
19321	22302	
20321	22335	
21321	22270	
22321	22302	
23321	22205	
24321	22172	
25321	22172	
26321	22139	
27321	22139	
28321	22139	
29321	22074	
30321	22107	
31321	22107	
32321	22074	
33321	22074	
34321	22107	
35321	22009	
36321	22042	
37321	21977	
38321	21944	
39321	21944	
40321	21977	
41321	21977	
42321	22009	
43321	21912	
44321	21944	
45321	21912	
46321	21912	
47321	21912	
48321	21912	
49321	21944	
50321	21847	
51321	21879	
52321	21944	
53321	21912	
54321	21879	
55321	21912	
56321	21879	
57321	21847	
58321	21912	
59321	21912	
60321	21879	
61321	21847	
62321	21879	
63321	21912	
64321	21847	
65321	21847	
66321	21814	
67321	21847	
68321	21814	
69321	21847	
70321	21879	
71321	21847	
72321	21912	
73321	21847	
74321	21879	
75321	21847	
76321	21912	
77321	21912	
78321	21879	
79321	21879	
80321	21977	
81321	21944	
82321	21879	
83321	22009	
84321	22009	
85321	21944	
86321	21944	
87321	21944	
88321	21944	
89321	21977	
90321	22042	
101621	22172	
111621	22205	
121621	22335	
131621	22465	
141621	22562	
151621	22595	
161621	22660	
171621	22692	
181621	22660	
191621	22660	
201621	22725	
211621	22725	
221621	22692	
231621	22757	
241621	22757	
251621	22725	
261621	22660	
271621	22790	
281621	22725	
291621	22757	
301621	22725	
311621	22725	
321621	22660	
331621	22692	
341621	22692	
351621	22660	
361621	22595	
371621	22692	
381621	22595	
391621	22627	
401621	22660	
411621	22562	
421621	22562	
431621	22530	
441621	22595	
451621	22562	
461621	22530	
471621	22595	
481621	22562	
491621	22497	
501621	22530	
511621	22562	
521621	22465	
531621	22497	
541621	22465	
551621	22530	
561621	22497	
571621	22497	
581621	22562	
591621	22432	
601621	22465	
611621	22432	
621621	22400	
631621	22400	
641621	22432	
651621	22367	
661621	22432	
671621	22465	
681621	22367	
691621	22432	
701621	22497	
711621	22400	
721621	22400	
731621	22335	
741621	22302	
751621	22367	
761621	22400	
771621	22400	
781621	22400	
791621	22400	
801621	22367	
811621	22432	
821621	22367	
831621	22335	
841621	22302	
851621	22335	
861621	22367	
871621	22367	
881621	22367	
891621	22335	
901621	22432	
911621	22400	
921621	22400	
931621	22367	
941621	22367	
951621	22302	
961621	22302	
971621	22335	
981621	22367	
991621	22400	
1001621	22400	
1011621	22367	
1021621	22335	
1031621	22432	
1041621	22335	
1051621	22335	
1061621	22335	
1071621	22400	
1081621	22335	
1091621	22367	
1101621	22302	
1111621	22367	
1121621	22367	
1131621	22367	
1141621	22367	
1151621	22335	
1161621	22335	
1171621	22367	
1181621	22367	
1191621	22367	
1201621	22335	
1211621	22367	
1221621	22335	
1231621	22367	
1241621	22302	
1251621	22367	
1261621	22335	
1271621	22335	
1281621	22302	
1291621	22367	
1301621	22367	
1311621	22270	
1321621	22335	
1331621	22367	
1341621	22367	
1351621	22335	
1361621	22302	
1371621	22335	
1381621	22335	
1391621	22367	
1401621	22335	
1411621	22335	
1421621	22400	
1431621	22302	
1441621	22335	
1451621	22335	
1461621	22367	
1471621	22335	
1481621	22432	
1491621	22400	
1501621	22335	
1511621	22367	
1521621	22367	
1531621	22367	
1541621	22302	
1551621	22302	
1561621	22367	
1571621	22302	
1581621	22400	
1591621	22367	
1601621	22302	
1611621	22335	
1621621	22367	
1631621	22302	
1641621	22335	
1651621	22335	
1661621	22302	
1671621	22302	
1681621	22302	
1691621	22302	
1701621	22302	
1711621	22335	
1721621	22367	
1731621	22302	
1741621	22270	
1751621	22335	
1761621	22367	
1771621	22335	
1781621	22367	
1791621	22335	
1801621	22367	
1811621	22302	
1821621	22302	
1831621	22367	
1841621	22335	
1851621	22302	
1861621	22302	
1871621	22302	
1881621	22335	
1891621	22335	
1901621	22367	
1911621	22367	
1921621	22400	
1931621	22335	
1941621	22335	
1951621	22302	
1961621	22335	
1971621	22302	
1981621	22302	
1991621	22367	
2001621	22237	
Bckg	325	
Fo	17035	
Fj	22692	
Fi	21782	
Fm	22465	
Fv	5430	
Vj	1.042	
Vi	0.874	
Fm/Fo	1.319	
Fv/Fo	0.319	
Fv/Fm	0.242	
Mo	2.467	
Area	5999473	
Fix Area	22170460	
HACH Area	5136141	
Sm	1104.875	
Ss	0.422	
N	2616.389	
Phi_Po	0.242	
Psi_o	-0.042	
Phi_Eo	-0.010	
Phi_Do	0.758	
Phi_Pav	983.203	
Pi_Abs	-0.001	
ABS/RC	9.797	
TRo/RC	2.368	
ETo/RC	-0.099	
DIo/RC	7.429	
FLASH-Wavelength [nm]	620.00	
FLASH-Percent [%]	30.00	
FLASH-Intensity [uE]	-NAN	
SUPER-Wavelength [nm]	620.00	
SUPER-Percent [%]	50.00	
SUPER-Intensity [uE]	-NAN	
ACTINIC-Wavelength [nm]	620.00	
ACTINIC-Percent [%]	10.00	
ACTINIC-Intensity [uE]	100.00	
description		
